20 100
3 7
14 16
19 19
0 8
0 10
17 11
11 7
19 12
10 12
5 4
13 5
19 10
19 14
1 19
8 5
6 9
9 3
10 0
8 7
17 17
4 2
1 13
9 17
13 4
9 14
19 13
16 9
8 17
10 18
14 3
14 13
18 19
3 14
8 13
7 9
12 18
8 6
10 7
12 1
5 17
11 5
3 12
18 4
11 0
2 13
8 18
9 5
13 19
8 3
19 4
16 6
11 19
15 8
2 8
8 19
9 4
14 0
3 4
5 3
4 19
7 0
3 6
17 4
7 18
1 6
1 7
0 11
11 3
7 2
14 11
2 11
9 16
7 1
14 15
0 16
5 10
15 17
15 13
15 9
19 11
17 5
0 12
1 5
0 14
2 5
16 8
18 13
11 4
11 13
7 6
19 5
0 18
16 19
17 12
14 2
17 18
5 18
12 9
9 1
14 14
