20 100
8 3
6 16
2 10
18 11
18 18
2 12
1 2
18 8
17 19
7 19
16 2
3 9
9 14
17 14
3 14
10 18
11 10
2 3
9 19
9 12
8 1
4 8
15 13
0 3
5 11
6 7
2 4
19 14
12 13
4 4
12 19
11 16
10 2
11 7
14 2
5 9
17 10
19 9
7 0
0 1
15 18
12 0
10 16
17 17
19 5
13 2
1 7
15 19
3 10
4 9
7 12
6 14
1 6
7 10
4 0
15 5
9 5
19 3
8 18
3 16
6 9
1 18
13 14
4 2
13 15
13 13
9 6
6 0
16 15
9 11
0 10
7 16
7 5
14 12
7 7
16 18
1 9
12 18
4 10
3 15
8 14
12 5
5 4
5 15
13 17
0 7
14 8
17 15
13 0
15 17
15 3
2 2
2 5
16 7
4 13
16 11
2 19
16 14
13 11
0 2
