20 100
3 3
15 11
12 8
3 14
19 19
3 12
0 18
8 11
9 1
15 17
7 18
16 11
18 17
1 0
18 16
2 0
10 13
12 5
8 19
10 1
11 4
3 9
6 13
5 16
13 17
12 14
2 10
14 8
10 12
12 10
12 6
4 14
13 13
3 19
6 7
7 19
5 14
15 7
3 16
9 13
18 18
15 2
7 1
4 8
11 0
6 4
10 7
2 4
15 13
19 3
7 0
2 9
12 2
11 1
11 5
17 8
1 19
14 0
2 8
10 3
16 16
0 13
7 2
13 15
10 16
18 15
14 15
13 2
10 11
8 12
0 8
11 15
13 10
0 4
7 8
12 11
17 5
8 15
7 14
16 1
4 6
3 2
14 11
18 2
18 8
14 18
16 15
3 15
19 10
0 5
17 19
16 12
9 12
17 9
12 17
3 1
8 7
2 7
17 16
15 12
