20 100
15 16
3 9
12 4
9 16
8 19
11 13
4 18
14 19
1 16
6 16
16 4
9 5
0 13
19 12
14 7
13 8
14 2
15 1
6 12
13 9
0 9
16 2
13 11
19 4
11 10
13 3
9 7
2 16
15 13
10 3
4 12
1 7
7 1
0 14
18 13
9 11
7 3
11 17
2 9
0 4
5 13
15 5
2 4
4 13
17 9
2 3
18 18
14 4
12 11
16 14
7 12
17 11
0 12
8 14
5 9
2 13
7 11
8 9
5 11
4 15
6 5
4 3
10 16
3 12
13 6
17 16
10 14
0 3
18 16
0 1
8 5
5 3
10 13
1 9
1 5
6 8
14 17
18 3
18 12
4 2
9 15
18 2
1 1
4 8
11 19
13 19
10 0
3 1
19 19
17 6
19 11
0 2
13 17
3 10
13 18
8 6
10 11
3 3
4 6
16 7
