20 100
15 12
15 17
16 16
7 4
13 2
7 17
9 18
4 19
12 12
13 9
15 18
11 4
14 17
7 9
19 12
5 19
5 0
9 16
4 18
10 3
9 15
12 3
14 11
13 19
12 16
5 1
7 1
2 18
13 0
18 14
7 13
7 5
17 9
1 8
9 7
4 9
17 17
17 13
4 14
7 18
6 9
16 6
5 12
15 3
4 15
16 14
8 1
16 9
2 0
13 17
18 11
19 3
5 15
12 17
15 4
11 14
7 2
18 3
16 17
12 19
11 5
5 10
14 18
8 18
15 2
16 19
5 4
3 19
18 16
2 19
13 13
3 0
18 13
9 17
16 8
13 16
17 19
4 8
12 4
17 12
8 12
15 8
10 6
8 5
15 6
16 11
11 10
7 6
14 16
5 5
2 17
5 2
1 6
4 1
19 16
7 3
10 15
1 11
18 8
6 5
