100 131 10 10000
4 64
26 38
46 79
21 83
43 75
6 13
59 67
4 23
89 98
24 87
33 64
14 43
14 23
3 88
1 72
12 93
38 72
12 99
30 39
11 39
16 73
1 97
22 78
26 52
29 42
56 94
39 68
44 99
12 34
27 49
57 60
68 96
19 87
53 63
11 71
36 65
48 88
45 50
5 85
41 65
75 90
2 43
60 98
22 43
3 24
19 24
0 58
43 55
35 71
54 92
7 81
13 82
44 95
7 73
9 54
4 17
36 60
66 74
54 68
13 96
59 77
46 86
33 47
37 45
17 80
21 91
9 35
77 92
5 74
28 87
62 96
11 84
44 50
35 84
54 70
0 24
51 67
27 61
11 30
66 85
41 42
18 43
28 34
49 67
25 76
26 97
48 95
6 82
15 73
40 76
52 60
80 91
65 66
20 68
2 55
15 21
37 67
45 51
29 62
0 94
19 78
5 25
23 32
1 86
59 92
25 57
49 53
8 45
59 81
58 75
45 88
14 18
32 90
47 69
69 89
3 10
4 40
63 84
3 8
10 94
19 93
49 59
31 79
15 56
15 16
6 31
2 22
61 84
20 21
35 70
77 83
94 186
190 46
12 164
142 236
113 76
61 23
245 83
166 241
121 280
255 251
116 212
298 179
14 282
215 114
47 94
153 185
139 206
117 110
21 101
35 206
217 152
168 152
31 176
90 100
80 231
77 36
206 11
249 296
33 270
264 60
295 116
205 74
72 115
162 52
18 243
289 217
69 4
143 276
188 25
280 149
64 70
239 24
281 15
35 140
53 295
107 300
169 95
112 56
74 261
215 300
86 300
175 299
168 11
241 274
235 205
1 108
131 166
95 11
73 173
205 245
134 7
291 290
274 100
276 259
145 100
264 4
1 1
187 255
244 175
100 39
253 196
277 198
165 31
175 196
23 20
74 148
42 65
204 202
56 189
196 103
110 137
184 231
245 105
197 171
300 253
45 9
181 78
43 242
96 275
115 16
87 131
131 135
229 238
3 204
115 186
55 271
257 131
221 40
138 34
24 300
