100 129 10 10000
18 39
72 82
69 97
19 62
35 74
22 26
79 98
14 27
44 81
40 94
77 93
15 51
62 95
56 82
58 84
18 62
26 38
23 25
30 34
44 71
65 71
51 56
35 87
67 94
57 81
0 87
25 85
54 72
37 70
52 79
1 19
2 16
47 59
14 20
5 40
62 63
68 83
15 19
7 49
9 51
52 98
41 99
13 80
74 87
13 60
27 53
8 33
20 30
48 59
32 36
5 69
44 65
38 66
30 90
30 59
51 73
11 96
48 88
23 89
85 89
33 43
29 61
36 46
17 42
12 91
70 75
2 75
10 69
36 63
40 41
3 6
67 84
7 17
68 85
28 79
6 42
24 35
52 55
7 64
26 53
20 75
32 76
54 77
23 58
45 92
6 17
47 60
2 34
61 83
29 35
2 43
28 44
59 90
22 78
61 80
1 64
31 61
16 93
46 50
21 38
37 93
11 45
31 83
11 92
17 86
4 62
30 66
57 91
63 76
3 24
38 96
82 86
9 73
85 97
32 63
21 26
41 71
12 78
0 69
49 50
4 19
39 88
84 99
45 79
8 54
18 95
10 68
39 73
55 59
98 21
295 97
215 239
212 27
248 80
0 50
223 2
282 30
280 259
246 202
56 19
91 205
61 291
147 106
151 269
274 125
237 274
296 8
206 137
251 102
172 255
105 254
93 272
108 116
185 41
95 72
123 269
184 287
33 178
126 20
182 217
128 93
181 72
277 230
216 199
158 23
208 77
218 296
129 227
201 170
9 87
9 133
244 12
257 248
17 194
34 210
212 48
126 156
165 137
254 54
241 34
277 165
91 160
162 300
261 278
117 181
275 201
42 274
93 130
147 176
115 137
135 45
222 108
193 96
281 64
1 278
159 226
48 98
71 40
4 2
199 271
0 155
298 275
242 160
180 20
195 242
166 116
263 299
92 293
61 174
151 62
28 234
294 214
115 42
62 146
66 81
300 154
198 1
186 153
73 111
193 191
37 298
59 237
242 295
23 68
239 135
82 232
39 44
85 181
29 140
