100 131 10 10000
45 94
46 56
30 74
47 57
15 19
22 55
28 39
38 98
44 45
86 90
60 91
37 96
4 49
7 72
26 89
58 99
3 18
27 73
18 54
5 66
7 34
16 72
60 90
50 69
15 85
11 18
10 64
1 33
33 76
55 73
36 58
75 76
7 61
12 43
65 78
15 81
16 77
9 37
78 95
2 92
38 46
28 52
64 88
25 37
48 78
13 19
78 86
57 79
81 97
53 69
15 73
1 59
0 17
4 51
2 50
49 52
53 89
28 59
55 70
32 44
67 94
17 44
7 29
22 70
5 42
30 41
46 55
61 87
53 98
24 74
43 61
80 90
40 70
1 68
70 73
82 93
21 65
12 90
71 74
34 83
0 35
14 86
29 72
17 32
42 91
75 84
37 97
24 44
21 87
54 67
71 75
6 95
62 84
31 62
34 47
31 82
31 84
35 63
23 46
93 99
61 83
8 64
20 89
39 41
63 67
19 58
20 50
8 73
3 51
11 79
85 96
23 38
25 97
11 67
14 90
10 68
48 90
66 92
31 88
27 55
39 44
39 74
10 26
2 42
55 56
6 36
38 53
77 91
13 15
66 80
9 40
187 184
256 9
15 206
291 247
284 270
46 223
169 148
171 297
138 42
23 144
193 5
231 221
131 283
144 73
141 235
118 111
49 297
216 181
273 228
151 99
0 261
191 213
60 55
28 3
247 131
73 177
58 0
116 16
296 120
103 292
270 60
192 79
209 136
238 43
249 294
212 211
122 158
75 141
33 43
270 132
43 116
277 94
25 234
166 237
255 155
295 143
51 29
262 278
112 187
280 291
11 114
254 248
299 226
10 62
289 189
83 59
78 9
226 274
138 139
277 28
79 277
206 273
212 108
237 184
160 28
157 213
58 205
263 195
225 8
25 83
61 77
232 66
79 298
102 68
253 102
197 42
211 24
24 281
139 201
221 248
90 188
99 129
176 103
196 291
218 81
100 102
120 216
199 234
171 72
4 2
95 223
74 243
36 169
185 127
273 176
164 189
74 113
100 170
11 31
165 123
