100 131 10 10000
84 99
13 98
9 87
65 84
25 98
20 85
16 44
44 73
0 76
44 88
45 80
14 17
71 80
30 86
19 94
8 25
16 59
13 25
42 67
3 69
27 37
44 60
27 81
47 62
52 59
66 79
59 77
58 79
18 62
23 54
18 67
51 59
37 81
28 48
5 47
2 31
1 12
4 41
31 45
25 72
74 83
73 86
31 33
34 40
42 87
9 98
29 56
20 71
4 55
1 35
29 57
49 81
5 15
6 68
21 52
65 99
13 61
70 84
54 91
0 2
36 53
10 11
0 35
18 19
12 23
3 76
10 24
17 66
33 80
75 82
43 75
28 95
37 92
14 93
19 97
17 46
40 54
64 73
72 87
42 72
26 85
46 61
50 90
7 43
6 14
21 37
25 90
5 39
29 78
10 96
10 32
30 59
21 89
15 18
26 74
84 97
34 97
22 36
36 94
6 93
82 83
63 78
77 92
69 81
25 88
24 53
53 68
6 11
58 61
74 85
81 89
56 60
8 90
55 74
6 53
38 81
49 85
51 90
23 91
22 65
7 95
48 96
25 63
32 36
38 69
12 50
30 64
57 61
39 87
41 83
33 70
166 200
173 167
116 191
158 222
9 262
143 34
73 21
8 192
207 101
200 35
3 27
31 7
197 153
261 45
119 29
127 73
261 189
144 0
107 99
106 129
89 265
229 250
26 119
201 132
18 44
232 78
40 298
288 289
3 172
300 42
273 228
132 222
16 85
112 215
135 128
196 203
44 99
256 291
138 278
165 23
154 117
11 228
169 69
42 199
272 154
147 251
291 0
109 54
47 150
121 297
213 178
249 171
210 220
57 63
171 98
20 289
291 111
284 19
227 32
246 210
295 144
231 12
86 80
267 70
298 258
61 125
176 3
150 91
78 51
174 255
84 192
117 269
195 79
292 180
41 261
81 216
184 224
250 231
288 74
200 9
105 237
204 298
68 263
41 220
85 161
67 287
284 201
193 57
259 96
202 255
228 130
176 139
277 272
82 2
86 105
53 170
8 140
122 147
218 58
85 126
