30 10 10
0 0
20 4
25 11
22 13
10 19
25 28
22 17
1 4
13 25
14 19
00000000000000000000000000000
00000000000000000000000000000
00000000000000000000000000000
00000000000000000000000000000
00000000010000000000000000000
00000000010000000000000000000
00000000010000000000000000000
00000000010000000000000000000
00000000010000000000000000000
00000000010000000000000000000
00001000010000000000000000000
00001000010000000000000000000
00001000010000000000000000000
00001000010000000000000000000
00001000010000000000000000000
00001000010000000000000000000
00001000010000000000000000000
00001000010000000000000000000
00001000010000000000000000000
00001000010000000000000000000
00001000010000000000000000000
00001000010000100000000000000
00001000010000100000000000000
00001000000000100000000000000
00001000000000100000000000000
00001000000000100000000000000
00001000000000100000000000000
00000000000000100000000000000
00000000000000100000000000000
00000000000000100000000000000
000000000000000000000000000000
000000000000000000000000000000
000000000000000000000000000000
000000000000000000000000000000
000000000000000000000000000000
000000000000000000000000000000
000000000000000000000000000000
000000000000000000000000000000
000000000000000000000000000000
000000000000000000000000000000
111111111100000000000000000000
000000000000000000000000000000
000000000000000000000000000000
000000000000000000000000000000
000000000000000000000000000000
000000000000000000000000000000
000000000000000000000000000000
000000000000000000000000000000
000000000000000000000000000000
000000000000000000000000000000
000000000000000000000000000000
000000000000000000000000000000
000000000000000000000000000000
000000000000000000000000000000
000000000000000000000000111111
000000000000000000000000000000
000000000000000000000000000000
000000000000000000000000000000
000000000000000000000000000000
