30 10 10
19 7
8 3
22 0
24 23
15 14
22 13
3 12
18 4
8 5
9 10
00001000000000000000000000000
00001000000000000000000000000
00001000000000000000000000000
00001000000000000000000000000
00001000000000000000000000000
00001000000000000000000000000
00000000000000100000000000000
00000000000000100000000000000
00000000000000100000000000000
00000000000000100000000000000
00000000000000100000000000000
00000000000000100000000000000
00000000000000100000000000000
00000000000000100000000000000
00000000000000100000000000000
00000000000000100000000000000
00000000000000100000000000000
00000000000000100000000000000
00000000000000100000000000000
00000000000000100000000000000
00000000000000100000000000000
00000000000000100000000000000
00000000000000100000000000000
00000000000000100000000000000
00000000000000100000000000000
00000000000000100000000000000
00000000000000000000000000000
00000000000000000000000000000
00000000000000000000000000000
00000000000000000000000000000
000000000000000000000000000000
000000000000000000000000000000
000000000000000000000000000000
000000000000000000000000000000
000000000000000000000000000000
000000000000000000000000000000
000000000000000000000000000000
000000000000000000000000000000
000000000000000000000000000000
000000000000000000000000000000
000000000000000001111111111111
000000000000000000000000000000
000000000000000000000000000000
000000000000000000000000000000
000000000000000000000000000000
000000000111111111111100000000
000000000000000000000000000000
000000000000000000000000000000
000000000000000000000000000000
000000000000000000000000000000
000000000000000000000000000000
000000000000000000000000000000
000000000000000000000000000000
000000000011111111111111111100
000000000000000000000000000000
000000000000000000000000000000
000000000000000000000000000000
000000000000000000000000000000
000000000000000000000000000000
